0  1200
1200  1200
2400  1200
2790  1200
2790  1110
3780  1110
-1  -1
4020  1110
4410  1110
4410  990
4710  990
-1  -1
4950  990
5190  990
5190  750
5790  750
-1  -1
6030  750
6300  750
6300  870
7500  870
7740  870
-1  -1
7740  1110
8040  1110
8040  1350
9240  1350
10410  1350
10410  1260
10740  1260
10740  1170
11160  1170
-1  -1
11400  1170
11790  1170
11790  1050
12150  1050
12150  930
12660  930
12660  1050
12810  1050
12810  1200
12960  1200
-1  -1
13200  1200
13470  1200
13470  1410
13590  1410
13590  1290
13800  1290
13800  1140
14490  1140
14490  1200
15210  1200
15210  1080
15960  1080
-1  -1
16200  1080
17400  1080
17730  1080
-1  -1
17730  1320
18030  1320
18030  1710
-1  -1
18030  1920
18900  1920
18900  1650
19200  1650
19200  1410
19800  1410
-1  -1
20040  1410
20250  1410
20250  1050
20910  1050
-1  -1
20910  780
21330  780
21330  540
22020  540
22020  630
22260  630
-1  -1
22500  630
23220  630
23220  750
24420  750
24870  750
24870  840
26070  840
26760  840
