0	1200
2790	1200
2790	1110
3780	1110
~
4020	1110
4410	1110
4410	990
4710	990
~
4950	990
5190	990
5190	750
5790	750
~
6030	750
6300	750
6300	870
7740	870
~
7740	1110
8040	1110
8040	1350
10410	1350
10410	1260
10740	1260
10740	1170
11130	1170
~
11400	1170
11790	1170
11790	1050
12150	1050
12150	930
12660	930
12660	1050
12810	1050
12810	1200
12960	1200
~
13200	1200
13470	1200
13470	1410
13590	1410
13590	1290
13809	1290
13800	1140
14490	1140
14490	1200
15210	1200
15210	1080
15960	1080
~
16200	1080
17730	1080
~
17730	1320
18030	1320
18030	1710
~
18030	1920
18900	1920
18900	1650
19200	1650
19200	1410
19800	1410
~
20040	1410
20250	1410
20250	1050
20910	1050
~
20910	780
20330	780
20330	540
22020	540
22020	630
22260	630
~
22500	630
23220	630
23220	750
24870	750
24870	840
26760	840